L56: 210 5 4.77 44 750 1
L57: 160 5 3.33 48 1,500 3
L58: 320 5 2.58 124 18,800 30
L59: 585 5 4.72 124 3,800 15
L60: 245 5 4.71 52 1,050 3
L61: 190 5 3.39 56 4,750 8
L62: 760 5 4.75 160 5,200 19
L63: 320 5 4.71 68 1,650 1
L64: 1,000 5 4.72 212 7,150 23
L65: 435 5 4.73 92 2,550 11
L66: 1,270 5 4.74 268 9,300 31
L67: 225 5 4.69 48 850 1
L68: 170 5 3.27 52 2,600 4
L69: 300 5 4.69 64 1,500 4
L70: 240 5 3.33 72 10,100 11
L71: 395 5 4.70 84 2,250 8
L72: 550 5 4.74 116 3,500 12
L73: 210 5 4.77 44 750 6
L74: 160 5 3.33 48 1,500 14
L75: 245 5 4.71 52 1,050 10
L76: 190 5 3.39 56 4,750 20
L77: 320 5 4.71 68 1,650 1
L78: 720 5 4.74 152 4,850 16
L79: 950 5 4.75 200 6,700 20
L80: 1,200 5 4.76 252 8,750 24
L81: 1,480 5 4.74 312 11,000 32
L82: 435 5 4.73 92 2,550 18
L83: 585 5 4.72 124 3,800 22
L84: 760 5 4.75 160 5,200 28
L85: 1,000 5 4.72 212 7,150 36
L86: DLC 485 6 4.75 102 750 1
L87: 210 5 4.77 44 750 1
L88: 245 5 4.71 52 1,050 4
L89: 320 5 4.71 68 1,650 8
L90: 435 5 4.73 92 2,550 12
L91: DLC 455 5 6.50 70 750 1
