L77: 200 2 5 5 3,850 1
L78: 220 2 5 6 4,550 3
L79: 240 2 5 9 5,750 4
L80: 280 2 5 15 9,800 9
L81: 260 2 5 11 7,300 16
L82: 280 2 5 14 9,600 1
L83: 300 2 5 17 12,800 19
L84: 320 2 5 19 17,000 25
L85: 360 2 5 30 36,200 40
L86: 240 2 5 10 5,900 5
L87: 260 2 5 12 7,450 11
L88: DLC 320 8 5 21 11,040 1
L89: DLC 360 8 5 27 17,250 27
L90: 200 2 5 5 3,850 1
L91: 220 2 5 6 4,550 3
L92: 240 2 5 9 5,750 4
L93: 260 2 5 11 7,300 10
L94: 280 2 5 15 9,800 16
L95: 300 8 5 17 45,700 1
L96: 320 8 5 22 51,100 27
L97: 340 8 5 25 57,800 32
L98: 360 8 5 30 69,100 38
L99: 320 2 5 19 17,000 28
L100: 340 2 5 25 24,900 33
L101: 300 4 5 15 15,100 1
L102: 320 4 5 17 19,200 23
L103: 340 4 5 23 26,500 28
L104: 360 6 5 28 44,900 34
L105: 380 6 5 35 63,700 41
L106: 200 2 5 6 3,900 1
L107: 220 2 5 7 4,650 5
L108: 240 2 5 10 5,900 1
L109: 260 2 5 12 7,450 8
L110: 260 2 5 12 7,450 1
L111: 300 2 5 17 12,800 1
L112: 320 2 5 22 18,200 28
L113: 340 2 5 25 24,900 33
L114: 200 2 5 6 3,900 1
L115: 220 2 5 7 4,650 4
L116: 280 2 5 14 9,600 16
L117: 300 2 5 17 12,800 22
L118: 200 4 5 4 6,500 1
L119: 220 4 5 5 7,200 6
L120: 240 4 5 8 8,400 8
L121: 260 4 5 10 9,900 9
L122: 280 4 5 12 12,000 12
