L60: C 3 19,530 6,600 144 130 6,510 2,200 340 23,300 38
L61: C 3 21,240 7,200 150 130 7,080 2,400 338 28,200 48
L62: C 3 25,890 8,400 156 130 8,630 2,800 336 45,100 60
L63: A 2 5,660 1,550 50 150 2,830 775 100 4,600 1
L64: A 2 7,440 1,830 61 150 3,720 915 99 6,200 8
L65: A 2 9,200 1,900 71 150 4,600 950 98 8,300 14
L66: A 2 10,800 1,960 79 150 5,400 980 97 10,800 20
L67: A 2 12,400 2,040 86 150 6,200 1,020 96 14,300 26
L68: A 2 14,000 2,120 93 150 7,000 1,060 95 19,000 32
L69: A 2 15,400 2,200 97 150 7,700 1,100 94 24,400 38
L70: A 2 5,660 1,800 45 150 2,830 900 90 4,600 1
L71: A 2 7,440 1,950 55 150 3,720 975 89 6,100 7
L72: A 2 9,200 2,050 64 150 4,600 1,025 88 8,100 12
L73: A 2 10,800 2,200 71 150 5,400 1,100 87 10,600 19
L74: A 2 12,400 2,430 77 150 6,200 1,215 86 14,100 24
L75: A 2 14,000 2,600 83 150 7,000 1,300 85 18,700 31
L76: TER B 2 6,220 1,950 45 165 3,110 975 100 5,290 1
L77: TER B 2 7,900 2,400 76 165 3,950 1,200 110 12,190 21
L78: TER B 2 14,400 2,880 86 165 7,200 1,440 120 21,500 41
L79: B 3 14,220 3,150 102 140 4,740 1,050 150 10,200 21
L80: B 3 15,540 3,300 106 140 5,180 1,100 149 11,800 27
L81: B 3 17,670 3,600 111 140 5,890 1,200 148 14,700 33
L82: B 3 19,920 4,200 116 140 6,640 1,400 147 18,900 39
L83: B 3 22,170 4,740 122 140 7,390 1,580 146 24,600 44
L84: B 3 24,300 4,950 127 140 8,100 1,650 145 31,400 50
L85: B 3 26,580 5,250 133 140 8,860 1,750 144 41,200 56
L86: B 3 14,220 3,300 92 140 4,740 1,100 145 9,700 20
L87: B 3 15,540 4,050 95 140 5,180 1,350 144 11,300 26
L88: B 3 17,670 4,050 99 140 5,890 1,350 143 14,000 32
L89: B 3 19,920 3,150 104 140 6,640 1,050 142 17,600 38
L90: B 3 22,170 3,750 109 140 7,390 1,250 141 22,900 43
L91: B 3 24,300 4,650 114 140 8,100 1,550 140 29,900 48
L92: B 3 12,870 3,375 100 140 4,290 1,125 145 9,150 5
L93: B 3 14,070 3,540 105 140 4,690 1,180 144 10,500 24
L94: B 3 16,080 3,720 110 140 5,360 1,240 143 12,800 31
L95: B 3 18,060 3,915 115 140 6,020 1,305 142 15,700 36
L96: B 3 20,190 4,200 121 140 6,730 1,400 141 19,900 43
L97: B 3 22,170 4,500 126 140 7,390 1,500 140 24,900 50
L98: C 4 26,040 7,600 129 130 6,510 1,900 336 20,400 38
L99: C 4 28,320 9,600 135 130 7,080 2,400 335 25,700 48
L100: C 4 34,520 11,600 140 130 8,630 2,900 334 42,400 57
L101: A 2 12,220 2,930 78 150 6,110 1,465 90 14,000 27
L102: A 2 13,820 3,060 84 150 6,910 1,530 88 18,500 34
L103: A 2 15,240 3,220 88 150 7,620 1,610 85 23,900 43
L104: B 3 14,070 4,440 92 140 4,690 1,480 140 10,000 22
L105: B 3 15,270 4,590 95 140 5,090 1,530 139 11,300 28
L106: B 3 17,670 4,830 99 140 5,890 1,610 138 14,400 34
L107: B 3 19,920 5,040 104 140 6,640 1,680 137 18,300 40
L108: B 3 22,050 5,340 109 140 7,350 1,780 136 23,400 45
L109: B 3 24,300 5,550 114 140 8,100 1,850 135 30,400 51
L110: C 2 13,600 3,800 129 130 6,800 1,900 300 22,000 39
L111: C 2 15,760 5,800 135 130 7,880 2,900 330 33,600 50
L112: C 2 18,000 7,800 140 130 9,000 3,900 340 53,900 60
L113: C 2 18,000 8,800 180 130 9,000 4,400 330 70,000 1
L114: C 3 17,670 6,450 136 130 5,890 2,150 334 19,100 12
L115: C 3 21,120 7,050 142 130 7,040 2,350 334 26,400 46
L116: C 3 25,770 7,650 148 130 8,590 2,550 333 42,000 57
L117: A 3 4,650 2,445 48 150 1,550 815 100 3,500 1
L118: A 3 7,950 2,535 48 150 2,650 845 99 4,450 4
L119: A 3 8,850 2,625 48 150 2,950 875 99 4,800 10
L120: A 3 10,500 1,785 58 150 3,500 595 98 5,550 1
L121: A 3 11,340 2,130 67 150 3,780 710 97 6,350 1
L122: A 3 12,180 2,400 67 150 4,060 800 97 6,900 12
L123: A 3 13,020 2,700 67 150 4,340 900 97 7,550 24
L124: A 3 15,270 2,820 75 150 5,090 940 96 9,700 1
L125: A 3 17,670 2,940 82 150 5,890 980 95 12,700 24
L126: A 3 20,460 3,150 41 180 6,820 1,050 95 16,100 24
L127: A 3 19,920 3,060 88 150 6,640 1,020 94 16,600 29
L128: A 3 21,930 3,210 92 150 7,310 1,070 93 21,000 36
