L56: 50 5 5.00 10 1,250 1
L57: 70 5 5.83 12 1,650 1
L58: 100 5 6.25 16 2,250 9
L59: 140 5 6.67 21 3,100 13
L60: 210 5 7.24 29 4,500 22
L61: 290 5 7.63 38 6,150 27
L62: 400 5 8.00 50 8,400 32
L63: 550 5 8.73 63 11,500 42
L64: 650 5 10.83 60 13,500 27
L65: 210 5 6.36 33 4,500 20
L66: 300 5 6.82 44 6,350 25
L67: 400 5 7.14 56 8,400 30
L68: 550 5 7.75 71 11,500 40
L69: 50 5 4.17 12 1,250 1
L70: 70 5 5.00 14 1,650 4
L71: 100 5 5.56 18 2,250 8
L72: 150 5 6.00 25 3,300 12
L73: 250 5 10.00 25 5,350 16
L74: 75 5 6.25 12 1,750 6
L75: 110 5 6.88 16 2,500 10
L76: 160 5 7.62 21 3,500 14
