L58: C 11 34 199 99 31,300 38
L59: C 11 45 241 120 65,100 45
L60: C 11 50 288 144 105,500 52
L61: B 10 27 105 52 13,800 20
L62: B 10 30 131 65 18,100 26
L63: B 10 33 162 81 24,500 32
L64: TRA A 10 35 95 54 13,200 1
L65: A 9 16 52 26 6,150 1
L66: A 9 19 57 28 7,300 8
L67: A 9 23 68 34 9,500 14
L68: A 9 27 84 42 12,600 21
L69: C 11 34 218 109 35,500 39
L70: C 11 45 261 130 72,300 46
L71: C 11 50 308 154 118,200 53
L72: A 9 12 47 23 5,000 1
L73: A 8 13 52 26 5,400 1
L74: A 9 14 61 30 5,900 1
L75: B 10 18 76 38 7,700 5
L76: B 10 21 95 47 9,750 24
L77: B 10 25 118 59 13,300 29
L78: C 11 27 147 85 18,200 12
L79: C 11 38 147 112 35,400 42
L80: C 12 45 147 130 57,300 46
L81: A 9 16 52 26 6,150 3
L82: A 9 20 61 30 7,850 9
L83: A 9 23 76 38 9,800 15
L84: A 9 27 95 47 13,200 22
L85: B 10 27 118 59 14,600 21
L86: B 10 30 147 73 19,600 27
L87: B 10 36 180 90 31,000 33
L88: A 9 12 50 25 5,100 1
L89: A 9 14 55 27 5,700 7
L90: A 9 16 65 32 6,600 12
L91: A 9 19 80 40 8,200 20
L92: B 10 25 100 50 12,100 19
L93: B 10 27 125 62 15,100 24
L94: B 10 30 155 77 20,400 31
L95: C 11 31 190 95 26,300 36
L96: C 11 38 230 115 44,800 44
L97: C 11 45 275 137 78,500 51
L98: A 12 18 52 26 6,800 1
