L58: B 16 2.3 46 525 46 14,400 12
L59: B 24 2.7 54 690 54 32,800 25
L60: B 31 3.1 62 930 62 49,100 44
L61: B 39 3.55 71 1,125 71 67,800 60
L62: A 16 1.1 22 325 22 8,050 3
L63: A 18 1.2 24 355 24 12,700 6
L64: A 20 1.35 27 420 27 17,500 12
L65: A 23 1.5 30 520 30 24,400 22
L66: A 26 1.75 35 600 35 31,800 30
L67: A 29 2 40 760 42 39,200 46
L68: A 14 1.15 23 310 23 4,250 1
L69: A 16 1.25 25 375 25 8,850 1
L70: A 18 1.4 28 405 28 13,700 11
L71: A 20 1.6 32 440 32 18,800 14
L72: A 23 1.85 37 550 37 26,300 25
L73: A 26 2.1 42 715 40 33,700 41
L74: B 18 2.6 52 570 52 20,100 16
L75: B 27 3 60 830 60 40,500 36
L76: B 35 3.45 69 1,035 69 59,100 52
L77: C 29 4.5 90 755 90 52,500 20
L78: C 34 5.1 102 1,020 102 65,800 38
L79: C 38 5.75 115 1,190 115 77,400 49
L80: B 16 2.6 52 545 52 16,000 14
L81: B 24 3 60 730 60 34,400 28
L82: B 31 3.45 69 975 69 51,000 48
L83: C 20 4.5 90 730 90 34,200 19
L84: C 27 5.1 102 900 102 51,600 30
L85: C 32 5.75 115 1,095 115 65,200 43
L86: C 36 5.75 122 1,950 135 75,200 52
L87: C 40 6.45 129 1,350 129 85,200 60
L88: C 20 4.05 81 705 81 31,900 17
L89: C 27 4.55 91 850 91 48,700 27
L90: C 34 5.15 103 995 103 66,100 36
L91: C 40 5.8 116 1,315 116 81,700 57
L92: A 28 1.95 39 680 39 36,900 38
L93: A 33 2.25 45 730 45 48,700 43
L94: C 18 4.25 85 680 85 28,900 10
L95: C 24 4.8 96 805 96 44,000 24
L96: C 30 5.45 109 975 109 59,600 35
L97: C 37 6.1 122 1,215 122 77,300 51
L98: A 16 1.25 25 340 25 8,850 4
L99: A 18 1.35 27 390 27 13,400 9
L100: A 28 1.5 30 480 30 34,500 12
L101: A 20 1.5 30 455 30 18,300 1
L102: A 23 1.7 34 485 34 25,500 19
L103: A 26 1.95 39 650 39 32,900 35
L104: A 29 2.25 45 820 45 40,600 51
L105: B 14 2.45 49 505 49 11,200 1
L106: B 21 2.85 57 610 57 27,500 19
L107: B 16 2.85 57 1,100 57 17,400 24
L108: B 28 3.25 65 890 65 43,800 41
L109: B 35 3.75 75 995 75 60,700 49
