L56: TER 8 1,250 1
L57: TER 8 1,250 1
L58: 3 500 1
L59: 3 500 1
L60: 2 500 1
L61: 5 625 1
L62: 3 500 1
L63: 3 500 1
L64: 3 500 1
L65: 3 500 1
L66: 3 500 1
L67: 3 500 1
L68: 3 500 1
L69: 3 500 1
L70: 5 625 1
L71: 3 500 1
L72: 3 500 1
L73: 3 500 1
L74: 4 500 1
L75: 2 500 1
L76: 2 500 1
L77: 2 500 1
L78: 2 500 1
L79: 2 500 1
L80: 2 500 1
L81: 2 500 1
L82: 2 500 1
L83: 2 500 1
L84: 3 625 1
L85: 3 625 1
L86: 3 625 1
L87: 6 750 1
L88: 3 625 1
L89: 3 625 1
L90: 3 625 1
L91: 3 625 1
L92: 3 500 1
L93: 3 500 1
L94: 3 500 1
L95: 3 500 1
L96: 3 500 1
L97: 3 500 1
L98: 3 500 1
L99: 3 500 1
L100: 1 500 1
L101: 1 500 1
L102: 1 500 1
L103: 1 500 1
L104: 1 500 1
L105: 2 500 1
L106: 4 500 1
L107: 4 500 1
L108: 4 500 1
L109: 4 500 1
L110: 4 500 1
L111: 4 500 1
L112: 4 500 1
L113: 4 500 1
L114: 4 500 1
L115: 5 750 1
L116: 1 500 1
L117: 1 500 1
L118: 1 500 1
L119: 1 500 1
L120: 1 500 1
L121: 1 500 1
L122: 2 500 1
L123: 2 500 1
L124: 4 500 1
L125: 4 500 1
L126: 8 1,000 1
L127: 5 1,000 1
L128: 3 625 1
L129: 5 625 1
L130: 1 500 1
L131: 3 500 1
L132: 5 625 1
L133: 5 625 1
L134: TER 5 625 1
L135: TER 5 625 1
L136: TER 5 1,000 1
L137: TER 4 1,000 1
L138: 3 500 1
L139: 3 500 1
L140: 3 500 1
L141: 3 500 1
L142: 3 500 1
L143: 3 500 1
L144: 3 500 1
L145: 3 500 1
L146: 8 1,000 1
L147: 8 1,000 1
L148: 8 1,000 1
L149: 8 1,000 1
L150: 8 1,000 1
L151: 8 1,000 1
L152: 8 1,000 1
L153: 8 1,000 1
L154: 8 1,000 1
L155: 4 1,000 1
L156: 4 1,000 1
L157: 3 1,000 1
L158: TER 5 500 1
L159: TER 5 500 1
L160: TER 5 500 1
L161: TER 5 500 1
L162: TER 5 500 1
L163: TER 5 500 1
L164: TER 10 625 1
L165: TER 10 625 1
L166: TER 10 625 1
L167: TER 5 625 1
L168: TER 5 625 1
L169: TER 5 625 1
L170: TER 12 1,000 1
L171: TER 12 1,000 1
L172: 1 500 1
L173: TER 15 0 1
L174: 3 500 1
L175: 2 500 1
L176: 2 500 1
L177: 1 500 1
L178: TER 2 625 1
L179: TER 2 625 1
L180: TER 2 625 1
L181: TER 2 625 1
L182: TER 2 625 1
L183: TER 2 625 1
L184: 1 500 1
L185: 1 500 1
L186: 5 625 1
L187: 1 500 1
L188: 1 500 1
L189: 1 500 1
L190: 1 500 1
L191: 1 500 1
L192: 1 500 1
L193: 1 500 1
L194: 1 500 1
L195: 5 625 1
L196: 6 750 1
L197: 6 750 1
L198: 6 750 1
L199: 6 750 1
L200: 6 750 1
L201: 6 750 1
L202: 6 750 1
L203: 6 750 1
L204: 5 625 1
L205: 5 625 1
L206: 8 1,000 1
L207: 5 625 1
L208: 5 625 1
L209: 5 625 1
L210: 5 625 1
L211: 5 625 1
L212: 5 625 1
L213: 5 625 1
L214: 5 625 1
L215: 10 1,625 1
L216: 10 1,625 1
L217: 3 500 1
L218: 2 500 1
L219: 5 625 1
L220: 5 625 1
L221: 10 2,000 1
L222: 10 2,000 1
L223: 8 1,000 1
L224: 8 1,000 1
L225: 8 1,000 1
L226: 8 1,000 1
L227: 8 1,000 1
L228: 8 1,000 1
L229: 5 625 1
L230: 5 625 1
L231: 5 625 1
L232: 5 625 1
L233: 8 1,000 1
L234: 8 1,000 1
L235: 4 500 1
L236: 4 500 1
L237: 4 500 1
L238: 4 500 1
L239: 5 625 1
L240: 5 625 1
L241: 5 625 1
L242: 5 500 1
L243: 5 500 1
L244: 5 500 1
L245: 5 500 1
L246: 5 500 1
L247: 5 500 1
L248: 5 500 1
L249: 5 500 1
L250: 5 1,000 1
L251: 5 1,000 1
L252: 1 500 1
L253: 1 500 1
L254: 1 500 1
L255: 1 500 1
L256: 10 2,500 1
L257: 10 2,500 1
L258: 3 500 1
L259: 3 500 1
