L60: A 3 47 47 0 1.00 16 16 3,900 1
L61: B 4 68 68 0 1.00 17 17 8,125 5
L62: C 4 149 149 0 1.00 37 37 24,400 10
L63: A 3 82 82 0 1.00 27 27 10,900 25
L64: B 4 141 141 0 1.00 35 35 22,800 38
L65: C 4 264 264 0 1.00 66 66 47,500 43
L66: B 10 96 96 0 1.00 10 10 13,800 16
L67: C 3 14 46 0 1.50 7 23 9,075 19
L68: C 3 7 24 0 4.00 9 32 16,600 27
L69: C 4 8 25 0 4.00 8 25 21,000 30
L70: A 3 36 36 0 1.00 12 12 1,700 1
L71: A 3 77 77 0 1.00 26 26 9,925 35
L72: B 3 58 58 0 1.25 24 24 6,125 17
L73: B 3 104 104 0 1.00 35 35 15,400 44
L74: C 3 96 96 0 1.00 32 32 13,800 24
L75: C 3 153 153 0 1.00 51 51 25,200 49
L76: A 3 15 5 0 3.50 18 6 4,300 6
L77: A 3 10 3 0 6.66 22 7 10,200 11
L78: A 3 22 7 0 3.50 26 8 14,500 25
L79: A 3 17 5 0 6.66 38 11 29,600 36
L80: C 3 68 68 0 1.00 23 23 8,125 35
L81: A 3 12 12 0 3.50 14 14 2,250 4
L82: A 3 8 8 0 6.66 18 18 6,500 8
L83: A 3 18 18 0 3.50 21 21 10,200 20
L84: A 4 13 13 0 6.66 22 22 19,100 30
L85: B 3 20 20 0 2.50 17 17 5,275 5
L86: B 3 29 29 0 2.50 24 24 13,800 20
L87: B 3 13 13 0 5.00 22 22 10,900 16
L88: B 4 30 30 0 2.50 19 19 14,700 30
L89: B 4 19 19 0 5.00 24 24 22,300 36
L90: C 3 38 38 0 1.50 19 19 7,925 10
L91: C 3 17 17 0 4.00 23 23 12,100 19
L92: C 3 19 19 0 4.00 25 25 15,100 24
L93: A 3 4 12 0 3.50 5 14 1,500 1
L94: A 3 3 9 0 6.66 7 20 7,975 1
L95: A 3 6 19 0 3.50 7 22 9,075 1
L96: A 3 4 13 0 6.66 9 29 15,200 24
L97: B 3 7 23 0 2.50 6 19 5,275 5
L98: B 3 5 15 0 5.00 8 25 13,400 14
L99: B 3 10 32 0 2.50 8 27 13,400 19
L100: B 3 10 34 0 2.50 8 28 13,400 30
L101: B 3 7 22 0 5.00 12 37 24,200 36
L102: C 3 13 43 0 1.50 7 22 7,450 10
L103: C 3 18 59 0 1.50 9 30 15,600 24
L104: C 3 6 20 0 4.00 8 27 12,300 19
L105: C 4 1 1 54 0.80 0 0 11,600 10
L106: A 4 1 1 42 1.50 0 0 30,500 30
L107: B 4 1 1 45 1.50 0 0 45,600 12
L108: A 4 1 1 24 1.50 0 0 4,650 6
L109: B 4 17 17 0 5.00 21 21 18,500 30
L110: B 4 19 19 0 5.00 24 24 22,300 36
L111: B 4 28 28 0 2.50 18 18 12,800 25
L112: B 4 26 26 0 5.00 33 33 35,500 60
L113: B 4 39 39 0 2.50 24 24 23,200 48
L114: B 3 1 1 47 1.25 0 0 14,500 30
L115: A 3 4 14 0 3.50 5 16 1,500 1
L116: A 3 3 10 0 6.66 7 22 7,975 9
L117: C 3 1 1 58 0.80 0 0 3,125 30
L118: B 3 55 55 0 1.00 18 18 5,525 30
L119: B 3 90 90 0 1.00 30 30 12,500 60
L120: A 3 40 41 0 1.00 13 14 2,500 1
L121: A 3 65 65 0 1.00 22 22 7,525 51
L122: B 3 39 12 0 2.50 33 10 23,100 38
L123: B 3 28 8 0 5.00 47 13 40,800 52
L124: B 3 26 8 0 2.50 22 7 9,525 16
L125: B 3 17 5 0 5.00 28 8 17,900 20
L126: B 3 18 5 0 5.00 30 8 20,000 25
L127: C 3 46 14 0 1.50 23 7 11,200 19
L128: C 3 22 7 0 4.00 29 9 19,100 24
L129: C 3 24 7 0 4.00 32 9 22,500 27
L130: A 3 17 5 0 3.50 20 6 7,225 11
L131: A 3 12 4 0 6.66 27 9 15,700 19
L132: A 4 27 8 0 3.50 24 7 21,800 36
L133: A 4 19 6 0 6.66 32 10 35,200 46
L134: B 3 31 9 0 2.50 26 8 14,700 25
L135: B 4 45 14 0 2.50 28 9 29,300 38
L136: B 4 20 6 0 5.00 25 8 24,100 30
L137: B 4 43 13 0 2.50 27 8 27,300 44
L138: B 4 30 9 0 5.00 38 11 45,000 60
L139: C 4 43 13 0 1.50 16 5 9,300 10
L140: C 4 20 6 0 4.00 20 6 15,800 19
L141: C 4 57 17 0 1.50 21 6 18,100 30
L142: C 4 81 24 0 1.50 30 9 33,100 43
L143: C 4 33 10 0 4.00 33 10 37,500 49
L144: A 4 9 3 0 6.66 15 5 7,400 1
L145: A 4 13 4 0 3.50 11 4 1,375 1
L146: A 4 14 4 0 6.66 23 7 21,300 25
L147: A 4 20 6 0 3.50 18 5 11,600 19
L148: B 4 48 14 0 1.75 21 6 5,000 16
L149: B 4 15 5 0 5.00 19 6 13,700 16
L150: B 4 17 5 0 5.00 21 6 17,900 20
L151: B 4 23 7 0 2.50 14 4 6,375 5
L152: B 4 25 8 0 5.00 31 10 34,600 44
L153: B 4 34 10 0 2.50 21 6 17,900 30
L154: C 3 51 15 0 1.50 26 8 14,300 24
L155: C 3 24 7 0 4.00 32 9 22,500 27
L156: C 4 62 19 0 1.50 23 7 21,200 35
L157: C 4 37 11 0 4.00 37 11 44,200 57
L158: A 3 1 1 48 1.50 1 1 39,100 38
L159: C 4 55 55 0 1.50 21 21 17,600 36
L160: C 4 86 86 0 1.50 32 32 35,100 60
L161: C 4 29 29 0 4.00 29 29 30,200 51
L162: B 3 23 23 0 2.50 19 19 8,100 16
L163: B 3 29 29 0 2.50 24 24 13,800 28
L164: A 3 13 13 0 3.50 15 15 3,575 8
L165: C 3 41 41 0 1.50 21 21 9,625 19
L166: A 4 21 21 0 3.50 18 18 14,200 30
L167: B 3 14 14 0 5.00 23 23 12,800 20
L168: B 3 16 16 0 5.00 27 27 16,600 25
L169: B 3 19 19 0 6.00 38 38 29,500 48
L170: A 3 9 9 0 6.66 20 20 9,025 12
L171: C 3 19 19 0 4.00 25 25 15,100 24
L172: C 3 22 22 0 4.00 29 29 19,600 27
L173: A 4 14 14 0 6.66 23 23 21,600 16
L174: A 4 15 15 0 6.66 25 25 24,100 38
L175: A 4 11 11 0 6.66 18 18 14,100 20
L176: A 4 15 15 0 3.50 13 13 6,225 12
L177: B 4 9 30 0 5.00 11 38 35,000 60
L178: B 4 13 43 0 2.50 8 27 21,500 44
L179: B 4 8 28 0 5.00 10 35 29,600 52
L180: A 4 8 26 0 3.50 7 23 16,600 35
L181: A 4 6 19 0 6.66 10 32 29,600 46
L182: C 4 19 63 0 1.50 7 24 17,200 36
L183: C 4 10 34 0 4.00 10 34 29,600 51
L184: C 4 11 38 0 4.00 11 38 33,900 60
L185: A 4 5 16 0 3.50 4 14 5,275 9
L186: A 4 3 11 0 6.66 5 18 7,975 1
L187: B 4 9 31 0 2.50 6 19 10,700 25
L188: B 4 6 20 0 5.00 8 25 18,800 30
L189: B 4 8 25 0 2.50 5 16 7,975 14
L190: B 4 10 32 0 2.50 6 20 13,400 19
L191: B 4 5 18 0 5.00 6 23 13,400 25
L192: B 4 8 25 0 3.00 6 19 12,300 16
L193: A 4 7 22 0 3.50 6 19 12,800 24
L194: A 4 5 16 0 6.66 8 27 22,400 35
L195: A 3 1 1 30 1.50 1 1 13,300 12
L196: A 6 1 1 36 1.50 0 0 21,900 19
L197: A 6 1 1 54 1.50 0 0 47,800 51
L198: B 6 1 1 55 1.25 0 0 36,000 49
L199: C 6 1 1 87 0.80 0 0 20,700 51
L200: C 6 1 1 108 0.80 0 0 24,600 60
L201: B 4 11 38 0 2.50 7 24 16,100 36
L202: B 4 8 25 0 5.00 10 31 29,600 44
L203: A 3 38 38 0 1.00 13 13 2,100 11
L204: A 4 78 78 0 1.00 20 20 10,100 41
L205: B 3 52 52 0 1.00 17 17 4,925 25
L206: B 4 96 96 0 1.00 24 24 13,800 52
L207: C 4 82 82 0 1.00 21 21 10,900 30
L208: C 4 136 136 0 1.00 34 34 21,800 57
L209: C 3 18 18 0 4.00 24 24 13,600 1
L210: B 2 18 5 0 7.50 68 19 2,750 1
L211: A 2 11 11 0 6.66 37 37 14,100 1
L212: C 4 8 21 0 6.00 12 32 38,200 1
L213: A 6 33 30 0 1.50 8 8 1,500 1
L214: A 4 17 17 0 6.66 28 28 29,200 51
L215: A 4 24 24 0 3.50 21 21 18,100 38
